5.564033206426982625e-01 1.106851096350634833e+00
5.563986817262074336e-01 1.106851096350782493e+00
6.676722950246800625e-01 1.106851096350905728e+00
5.563884770528214618e-01 1.106851096350634833e+00
1.112763039566746492e+00 1.106851096350708552e+00
5.563745636772786662e-01 1.106851096350634833e+00
5.211924500009383898e-01 8.784639813245860296e-01
6.611724188010847936e-01 4.077505333998371895e-01
1.105738545630137404e+00 3.616581358652053990e-01
1.106338670337614349e+00 1.876834258893575191e-01
1.087257360888906677e+00 1.539968698396750046e-01
7.088553075338740461e-01 2.284576571310238391e-01
8.698430618080229548e-01 2.603924295659647559e-01
9.912039414257122205e-01 2.268465982409642867e-01
1.110362869707366418e+00 1.946693866553551033e-01
1.097067372002054730e+00 1.728885971622748097e-01
1.186041019804788599e+00 2.897682122393001602e-01
1.067046811680783636e+00 4.764165656458653753e-01
9.791529369551231765e-01 3.957942984485281479e-01
9.940543093252085516e-01 2.320244906503418914e-01
1.012339408492460624e+00 4.283275498400571646e-01
1.114059339818390448e+00 6.581850557491000231e-01
1.208138124339239727e+00 3.128685808143854552e-01
1.185841490996785152e+00 2.905421702658846916e-01
1.158587167243549931e+00 2.606349415218701671e-01
1.179179011539387867e+00 3.444771129728441128e-02
1.182714823361792567e+00 5.558762570600480485e-02
1.189767773585891808e+00 8.296270667239913355e-02
1.079441914378195921e+00 1.417628247323963753e-01
1.426462131185485482e+00 2.398250418263599137e-01
1.395899471974045625e+00 2.068059327685351778e-01
1.438294147237932696e+00 1.230922592746677355e-02
1.456001662141472197e+00 -8.877270596220770971e-02
1.351290285710972539e+00 -1.455109244684782421e-01
1.132883753657184078e+00 -3.881572121362867889e-01
1.571478234948899599e+00 -3.067206435091503897e-02
1.705815026153542080e+00 4.685316301532811700e-02
8.035301838818564857e-01 -1.233820789317325722e-01
1.196106929503708560e+00 -1.013568413903381399e-01
1.208697820969363290e+00 -1.303258175790724394e-01
1.075840677394488631e+00 -1.334831987639009676e-01
1.068772541099824336e+00 -1.162812210331134605e-01
9.254976202231930404e-01 -8.265742777687859477e-02
1.048599389891125222e+00 3.667982557074857264e-02
9.417092835590351596e-01 1.342221893178283665e-01
1.582174617588718579e+00 7.152749966657910574e-02
1.569376287284239835e+00 -1.201964041169989916e-04
1.571687169318887856e+00 -3.032691516652145577e-02
1.626709709803543014e+00 -1.516191392809997651e-01
1.526456312887087163e+00 -1.960937296686721398e-01
1.064277449528407304e+00 -6.239201586083951145e-01
1.193157827368302559e+00 -8.547118124700102682e-01
1.124878664393259564e+00 -8.178505144342345101e-01
1.238586207149933172e+00 -4.718836611089506361e-01
1.204836241367518213e+00 -1.190801304282873840e-01
1.309610074871628616e+00 1.163988716195519905e-02
1.324805709880387816e+00 -8.627622499218245977e-02
1.376358271408506084e+00 -1.797791945636061650e-01
1.331565091158142922e+00 -1.030113768558410803e-01
1.327696285238666674e+00 9.350414638925902411e-02
1.911223176049100969e+00 1.640187450681955539e-01
1.833432431951003361e+00 2.211046481315917245e-01
1.126258441117358622e+00 2.185038268322460620e-01
4.239912809966260299e-01 2.245964091761638304e-01
5.578497549709713343e-01 2.034806027214831059e-01
4.244566423424227519e-01 2.263726200770925512e-01
2.870246701371743092e-01 2.471969767514763938e-01
4.485387702654677344e-01 3.004986570475723928e-01
4.242682059036819164e-01 1.452284015098168624e-01
2.121304140726089915e-01 1.452284015108754600e-01
